62896
62897
62898
62901
62902
62903
62904
62906
62907
62908
62909
62911
62912
62913
62914
62916
62917
62918
62921
62922
62923
62926
62927
62928
62967
62968
62969
62970
62971
62972
62978
62979
62980
62981
62982
63011
63012
63013
63014
63015
63016
63017
63018
63019
63020
63021
63022
63023
63024
63026
63027
63029
63030
63032
63033
63035
63036
63038
63039
63041
63042
63044
63045
63047
63048
63050
63051
63053
63054
63055
63056
63057
63058
63059
63060
63061
63062
63063
63064
63065
63066
63068
63069
63070
63073
63074
63075
63076
63078
63079
63080
63083
63084
63085
63086
63087
63088
63089
63090
63091
63093
63094
63095
63098
63099
63100
63101
63158
63159
63160
63161
63162
63163
63164
63165
63167
63168
63170
63171
63172
63173
63174
63175
63176
63177
63178
63179
63180
63182
63183
63185
63186
63188
63189
63190
63191
63192
63194
63195
63197
63198
63199
63200
63201
63203
63204
63214
63215
63217
63218
63256
63257
63258
63259
63260
63261
63262
63263
63264
63265
63266
63267
63268
63269
63270
63361
63362
63363
63366
63367
63368
63369
63370
63418
63419
63421
63422
63434
63435
63436
63437
63438
63440
63441
63442
63443
63444
63445
63446
63447
63449
63450
63452
63453
63455
63456
63458
63459
63461
63462
63463
63464
63465
63466
63467
63468
63470
63471
63472
63473
63474
63475
63476
63477
63478
63479
63480
63481
63482
63483
63484
63494
63495
63496
63497
63498
63499
63500
63501
63502
63503
63504
63505
63506
63507
63508
63524
63525
63527
63528
63553
63554
63555
63557
63558
63633
63634
63636
63637
63639
63640
63642
63643
63740
63741
63743
63744
63772
63773
63774
63775
63776
63777
63778
63781
63782
63783
63784
63785
63786
63787
63789
63790
63792
63793
63795
63796
63797
63798
63799
63801
63802
63804
63805
63807
63808
63809
63835
63836
63837
63838
63895
63896
63897
63900
63901
63902
63903
63904
63905
63906
63907
63910
63911
63912
63913
63914
63915
63916
63917
63920
63921
63922
63925
63927
63928
63930
63931
63933
63934
63936
63937
63938
63993
63994
63995
63996
63998
63999
64000
64001
64002
64178
64179
64180
64181
64182
64183
64184
64185
64186
64187
64194
64195
64196
64197
64198
64199
64200
64201
64203
64204
64214
64215
64216
64217
64219
64220
64221
64222
64224
64225
64226
64227
64229
64230
64231
64232
64233
64246
64247
64248
64249
64250
64251
64280
64281
64285
64286
64294
64295
64296
64297
64298
64364
64365
64366
64367
64368
64369
64370
64395
64396
64397
64451
64452
64453
64454
64455
64475
64476
64477
64478
64479
64486
64487
64488
64489
64491
64492
64493
64494
64495
64497
64498
64499
64520
64521
64522
64523
64525
64526
64527
64528
64530
64531
64532
64533
64534
64540
64541
64542
64543
64545
64546
64547
64548
64565
64566
64567
64568
64597
64598
64599
64600
64653
64654
64655
64656
64716
64717
64718
64719
64720
64753
64754
64755
64781
64782
64783
64784
64785
64872
64873
64875
64876
64878
64879
64881
64882
64884
64885
64887
64888
64889
64890
64891
64893
64894
64895
64949
64950
64951
64952
64953
64954
64955
64956
64957
64958
64959
64960
65060
65061
65062
65063
65064
65065
65066
65067
65068
65069
65070
65071
65081
65082
65083
65084
65085
65086
65087
65088
65089
65090
65091
65092
65093
65094
65095
65096
65097
65098
65099
65100
65101
65102
65103
65104
65105
65106
65107
65108
65109
65110
65111
65112
65113
65114
65115
65116
65205
65206
65208
65209
65211
65212
65213
65214
65215
65217
65218
65219
65220
65221
65222
65223
65224
65359
65360
65361
65362
65363
65364
65365
65366
65367
65389
65390
65391
65407
65408
65410
65411
65413
65414
65416
65417
65419
65420
65421
65422
65423
65425
65426
65428
65429
65431
65432
65454
65455
65456
65457
65458
65459
65460
65461
65462
65463
65465
65466
65467
65468
65469
65470
65471
65472
65474
65475
65476
65477
65478
65480
65481
65483
65484
65485
65517
65518
65519
65520
65521
65523
65524
65525
65526
65527
65529
65530
65531
65532
65533
65630
65631
65632
65633
65634
65635
65636
65637
65638
65639
65640
65641
65642
65644
65645
65647
65648
65650
65651
65652
65653
65654
65656
65657
65659
65660
65661
65662
65663
65664
65665
65666
65667
65668
65669
65670
65671
65672
65673
65674
65675
65677
65678
65680
65681
65682
65683
65684
65686
65687
65689
65690
65691
65692
65693
65694
65695
65696
65697
65698
65699
65701
65702
65703
65704
65705
65707
65708
65710
65711
65713
65714
65766
65767
65768
65769
65770
65772
65773
65775
65776
65778
65779
65781
65782
65784
65785
65786
66024
66025
66026
66027
66028
66029
66030
66031
66033
66034
66035
66036
66037
66039
66040
66041
66042
66043
66044
66045
66046
66047
66048
66049
66050
66051
66052
66053
66054
66055
66057
66058
66059
66060
66061
66063
66064
66065
66066
66067
66196
66197
66198
66199
66200
66201
66202
66203
66205
66206
66207
66208
66209
66210
66211
66212
66214
66215
66217
66218
66220
66221
66222
66223
66224
66232
66233
66234
66235
66236
66237
66238
66239
66240
66241
66242
66243
66264
66265
66267
66268
66269
66270
66271
66273
66274
66276
66277
66278
66279
66280
66344
66345
66347
66348
66349
66350
66351
66352
66353
66354
66355
66517
66518
66519
66520
66521
66523
66524
66526
66527
66529
66530
66532
66533
66534
66535
66536
66537
66538
66539
66541
66542
66543
66544
66545
66547
66548
66549
66550
66551
66552
66553
66554
66556
66557
66558
66559
66560
66561
66584
66585
66587
66588
66590
66591
66593
66594
66596
66597
66599
66600
66601
66602
66603
66604
66605
66606
66608
66609
66610
66611
66612
66613
66614
66615
66617
66618
66620
66621
66623
66624
66705
66706
66707
66708
66709
66710
66711
66712
66713
66714
66715
66716
66717
66718
66720
66721
66722
66753
66754
66756
66757
66759
66760
66762
66763
66764
66982
66983
66984
66985
66986
66988
66989
66991
66992
66993
66994
66995
66997
66998
67000
67001
67003
67004
67006
67007
67009
67010
67011
67012
67013
67014
67015
67016
67018
67019
67020
67021
67022
67036
67037
67039
67040
67041
67042
67043
67044
67045
67046
67047
67048
67049
67051
67052
67053
67054
67055
67057
67058
67060
67061
67062
67063
67064
67065
67066
67067
67069
67070
67071
67072
67073
67074
67075
67076
67077
67078
67079
67090
67091
67092
67093
67094
67096
67097
67098
67099
67100
67118
67119
67121
67122
67124
67125
67127
67128
67130
67131
67133
67134
67378
67379
67381
67382
67384
67385
67386
67387
67388
67389
67390
67391
67393
67394
67396
67397
67399
67400
67401
67402
67403
67404
67405
67406
67407
67408
67409
67410
67411
67412
67414
67415
67417
67418
67419
67420
67421
67422
67423
67424
67426
67427
67428
67429
67430
67432
67433
67435
67436
67438
67439
67441
67442
67444
67445
67447
67448
67450
67451
67452
67453
67454
67486
67487
67489
67490
67491
67492
67493
67495
67496
67513
67514
67516
67517
67518
67519
67520
67522
67523
67537
67538
67540
67541
67542
67543
67544
67546
67547
67548
67549
67550
67552
67553
67763
67764
67766
67767
67769
67770
67771
67772
67773
67775
67776
67778
67779
67781
67782
67783
67784
67785
67787
67788
67790
67791
67793
67794
67796
67797
67799
67800
67801
67802
67803
67805
67806
67807
67808
67809
67810
67811
67812
67813
67814
67815
67816
67817
67818
67820
67821
67823
67824
67825
67826
67827
67828
67829
67830
67832
67833
67835
67836
67838
67839
67840
67841
67842
67844
67845
67847
67848
67850
67851
67852
67871
67891
67892
67894
67895
67896
67897
67898
67900
67901
67951
67952
67953
67954
67956
67957
67958
67959
67960
68159
68160
68161
68162
68163
68165
68166
68168
68169
68171
68172
68174
68175
68176
68177
68178
68179
68180
68181
68183
68184
68186
68187
68188
68189
68190
68191
68192
68193
68195
68196
68198
68199
68200
68201
68202
68203
68204
68205
68206
68207
68208
68210
68211
68213
68214
68216
68217
68219
68220
68222
68223
68224
68225
68226
68228
68229
68236
68237
68238
68241
68242
68243
68375
68376
68377
68380
68381
68382
68383
68384
68385
68386
68387
68388
68390
68391
68392
68483
68484
68485
68486
68487
68488
68490
68491
68492
68493
68494
68495
68496
68497
68499
68500
68501
68502
68503
68505
68506
68508
68509
68511
68512
68513
68529
68530
68531
68532
68534
68535
68536
68539
68540
68541
68542
68544
68545
68546
68547
68549
68550
68551
68552
68600
68601
68602
68603
68605
68606
68607
68610
68611
68612
68615
68616
68617
68618
68619
68703
68704
68706
68707
68708
68709
68710
68711
68712
68713
68729
68730
68731
68732
68734
68735
68736
68737
68738
68739
68740
68741
68742
68743
68744
68745
68746
68747
68748
68749
68750
68752
68753
68754
68757
68758
68759
68760
68810
68811
68812
68815
68816
68817
68818
68819
68820
68821
68822
68823
68845
68846
68847
68848
68849
68860
68861
68862
68930
68931
68932
68933
68935
68936
68937
68938
68939
68940
68941
68942
68943
68944
68986
68987
68988
68989
68990
68991
68992
68995
68996
68997
68998
68999
69006
69007
69008
69009
69010
69035
69036
69037
69038
69059
69060
69061
69064
69065
69066
69125
69126
69127
69128
69136
69137
69138
69139
69141
69142
69143
69144
69151
69152
69153
69197
69198
69199
69200
69201
69227
69228
69229
69230
69231
69232
69233
69234
69249
69250
69251
69252
69253
69254
69255
69256
69257
69258
69259
69260
69261
69262
69263
69264
69265
69267
69268
69269
69270
69272
69273
69274
69275
69277
69278
69279
69280
69281
69282
69283
69284
69287
69288
69289
69290
69291
69292
69293
69294
69295
69297
69298
69299
69300
69301
69302
69303
69305
69306
69307
69308
69309
69310
69311
69312
69313
69314
69315
69316
69317
69318
69319
69320
69321
69322
69323
69324
69325
69326
69327
69473
69474
69475
69476
69477
69979
69980
69982
69983
69494
69495
69497
69498
69499
69500
69501
69502
69731
69732
69734
69735
69736
69747
69748
69749
69750
69751
69753
69754
69755
69756
69757
69759
69760
69762
69763
69764
69765
69766
69768
69769
69985
69986
69987
69988
69989
69990
69771
69772
69774
69775
69776
69777
69778
69779
69780
69781
69782
69783
69784
69785
69786
69787
69789
69790
69791
70206
70207
70209
70210
70212
70213
70214
70215
70216
70218
70219
70220
70224
70225
70226
70227
70228
70230
70231
70233
70234
70236
70237
70239
70240
70241
70242
70243
70245
70246
70248
70249
70537
70538
70539
70543
70544
70545
70546
70547
70548
70549
70550
70551
70552
70553
70555
70556
70558
70559
70560
70561
70562
70563
70564
70565
70566
70567
70568
70569
70570
70571
70573
70574
70576
70577
70578
70579
70580
70581
70974
70975
70977
70978
70980
70981
70983
70984
70985
70986
70987
70988
70989
70990
70991
69991
69992
69994
69995
69997
69998
69999
70000
70001
70125
70126
70127
70128
70129
70131
70132
70134
70135
70137
70138
70140
70141
70143
70144
70146
70147
70148
70149
70150
70152
70153
70606
70607
70609
70610
70612
70613
70614
70615
70616
70617
70618
70619
70621
70622
70624
70625
70626
70627
70628
70630
70631
70633
70634
70938
70939
70941
70942
70943
70364
70365
70367
70368
70369
70370
70371
70373
70374
70375
70376
70377
70379
70380
70712
70713
70715
70716
70717
70718
70719
70721
70722
70723
69553
69554
69556
69557
69559
69560
69561
69562
69563
69564
70251
70252
70253
70254
70255
70257
70258
70260
70261
70582
70583
70584
70585
70586
70588
70589
70590
70591
70592
69525
69526
69528
69529
69531
69532
69534
69535
70263
70264
70266
70267
70268
70269
70270
70272
70273
70274
70670
70671
70673
70674
70676
70677
70678
70679
70680
70681
70992
70993
70994
70995
70996
70998
70999
71001
71002
71003
71004
71005
71006
71007
71008
71009
71010
71011
71012
71013
71014
71016
71017
71417
71418
71420
71421
71422
71423
71424
71426
71427
71429
71430
71432
71433
71435
71436
71438
71439
71440
71441
71442
71444
71445
71447
71448
71450
71451
71452
71453
71454
71455
71456
71457
71459
71460
71703
71704
71705
71706
71707
71025
71026
71028
71029
71030
71031
71032
71034
71035
71037
71038
71039
71040
71041
71514
71515
71517
71043
71044
71045
71046
71048
71049
71050
71051
71053
71054
71055
71056
71057
71058
71059
71060
70944
70945
70947
70948
70950
70951
70952
70953
70954
70956
70957
70958
70959
70960
70961
70962
70963
70964
70965
70966
71375
71376
71378
71379
71381
71382
71383
71384
71385
71386
71387
71388
71389
71390
71391
71392
71393
71394
71395
71396
71397
71398
71399
71400
71402
71403
70968
70969
70971
70972
71253
71254
71255
71256
71257
71259
71260
71262
71263
71264
71405
71406
71408
71409
71411
71412
71413
71414
71415
71416
71633
71634
71636
71637
71737
71738
71739
71740
71871
71872
71873
71874
71875
71876
71877
71878
71879
71881
71882
71883
71886
71887
71888
71667
71668
71669
71670
71671
71673
71674
71676
71677
71679
71680
71681
71682
71683
71685
71686
71687
71688
71689
71690
71691
71692
71694
71695
71696
71741
71742
71743
71744
71747
71748
71749
71750
71709
71710
71712
71713
71714
71715
71716
71718
71719
71721
71722
71723
71724
71725
71518
71519
71520
71521
71523
71524
72268
72269
72270
72271
72272
72273
72274
72275
72276
72104
72105
72106
72107
72108
72109
72110
72111
72114
72115
72116
72117
72118
72119
72120
72121
72122
72322
72323
72324
72325
72326
72332
72333
72334
72335
72337
72338
72339
72340
71841
71842
71843
71844
71846
71847
71848
71851
71852
71853
71854
71856
71857
71858
71859
71860
72044
72045
72046
72047
72048
72255
72256
72257
72293
72294
72295
72296
72024
72025
72026
72027
72028
72029
72030
72031
72032
72033
72194
72195
72196
72197
72199
72200
72201
72202
72265
72266
72267
71697
71698
71700
71701
72224
72225
72226
72227
72228
72230
72231
72232
72233
72327
72328
72329
72330
72436
72437
72438
72439
72441
72442
72443
72471
72472
72473
72474
72475
72357
72358
72359
72360
72362
72363
72364
72367
72368
72369
72370
72307
72308
72309
72312
72313
72314
72315
72316
72416
72417
72418
72419
72420
72421
72422
72423
72278
72279
72280
72281
72283
72284
72285
72286
72451
72452
72453
72411
72412
72413
72414
72513
72514
72515
72516
72466
72467
72468
72317
72318
72319
72546
72547
72548
72518
72519
72520
72526
72527
72528
72529
72530
72496
72497
72498
72499
72521
72522
72523
72524
72525
72461
72462
72463
72464
72531
72532
72533
72556
72557
72558
72559
72551
72552
72553
72536
72537
72538
72539
72541
72542
72543
72544
72628
72629
72630
72631
72491
72492
72493
72494
72633
72634
72635
72636
